"sig"	"b1"	"B1"	"b2"	"B2"	"b3"	"B3"	"u"	"alpha"	"lfit"	"lpred"	"conver"	"iter"
"1"	0.01	0.092	0.5854	0.1257	0.828	0.2758	0.6718	0.6617	0.6904	5.6293	-0.0155	0	12384
"2"	0.0617	0.2818	0.2819	0.7462	0.7182	0.6683	0.2321	0.2616	0.5883	22.5354	-2.8651	0	17993
"3"	0.0408	0.2844	0.2844	0.7	0.6368	0.3891	0.2321	0.6435	0	16.6426	-3.3928	0	11728
"4"	0.037	0.1845	0.384	0.3436	0.5888	0.2675	0.4908	0.3934	0	14.0141	-2.6543	0	47425
"5"	0.01	0.287	0.287	0.5151	0.6891	0.4477	0.4602	0.9476	0.2301	5.5378	-0.1121	0	10157
"6"	0.029	0.2999	0.2999	0.446	0.4164	0.3956	0.2836	0.5499	0.9951	11.4931	-4.7385	0	17771
"7"	0.047	0.5385	0.5385	0.299	0.4371	0.2612	0.6067	0.461	0.3975	25.4429	-9.8349	0	9410
"8"	0.0307	0.1844	0.3559	0.5974	0.74	0.4077	0.3573	0.7867	0	17.7276	-2.3689	0	38530
"9"	0.0645	0.0727	0.2918	0.2243	0.7691	0.2785	0.4839	0.5281	0.8299	20.6777	-4.0394	0	10167
"10"	0.0791	0.0666	0.3062	0.2813	0.606	0.4779	0.4563	0.5629	0.6495	27.7802	-5.4225	0	4292
"11"	0.0504	0.3222	0.3227	0.4873	0.6662	0.5269	0.5127	0.6462	0.3528	21.5538	-0.6872	0	17414
"12"	0.095	0.001	0.2957	0.7043	0.7043	0.5638	0	0.7825	0.3336	31.6937	-2.6902	0	15809
"13"	0.0269	0.3884	0.3884	0.656	0.5407	0.4477	0.344	0.9064	1	8.2436	-0.6915	0	17765
"14"	0.0252	0	0.2581	0.1323	0.7309	0.0109	0.7311	0.1202	0.8327	12.4891	-20.2488	0	32642
"15"	0.0627	0.0389	0.4284	0.5425	0.772	0.5716	0.088	0.6635	0.6986	20.0496	-7.1145	0	18294
"16"	0.2903	0.508	0.66	0.6563	0.34	0	0	0.4286	0.132	58.8803	-9.6631	0	8147
"17"	0.0311	0.0607	0.376	0.0199	0.8725	0.6186	0.6072	0.5878	0.5608	12.7806	-6.7898	0	20658
"18"	0.053	0	0.4455	0.2269	0.8951	0.4782	0.4685	0.4015	0.576	21.5577	-6.5027	0	10438
"19"	0.036	0.2361	0.2361	0.2482	0.7574	0.6244	0.6226	0.6037	0.5599	14.6686	-7.1493	0	12731
"20"	0.0526	0.3271	0.3271	0.607	0.5572	0.4922	0.3852	0.5524	0.7414	17.8195	-9.1156	0	9230
"21"	0.2518	0	0.2682	0.4943	1	0.7318	0.5047	0.7163	0.5622	50.9227	-10.0867	0	3816
"22"	0.1399	0.1732	0.4255	0.6484	0.6484	0.3427	0.3516	0.4772	0.5377	46.4137	-6.6157	0	12095
"23"	0.0537	0.2857	0.3905	0.47	0.47	0.3945	0.4126	0.6285	0.313	20.5086	-5.4795	0	16384
"24"	0.0893	0.2669	0.2669	0.6842	0.1246	0.0773	0.3158	0.6836	0.0138	36.1174	-9.8342	0	10961
"25"	0.01	0	0.4422	0.3586	0.4554	0.0281	0.6413	0.1151	0.499	0.0519	-0.8421	0	19828
"26"	0.0465	0.1143	0.3232	0.3132	0.7091	0.5793	0.38	0.5515	0.6017	18.528	-4.1086	0	2968
"27"	0.0792	0	0.3083	0.2133	0.5547	0	0.607	0.5444	0.8076	24.7699	-2.4067	0	18168
"28"	0.0808	0.2934	0.2934	0.5469	0.6721	0.5368	0.4531	0.6711	0.8822	19.0437	-12.745	0	7761
"29"	0.0572	0.0517	0.2391	0.5863	0.8902	0.628	0.4137	0.6542	0	24.5755	-4.1694	0	9024
"30"	0.1223	0.2015	0.3455	0.2645	0.6133	0.413	0.5542	0.5097	0	41.9439	-8.0817	0	12269
"31"	0.0587	0.1895	0.1895	0.6539	0.7201	0.627	0.3273	0.7509	0.1515	24.3563	-1.9473	0	11183
"32"	0.0391	0.2904	0.3245	0.5345	0.2166	0.1409	0.4275	0.5876	0	16.4134	-3.3421	0	12812
"33"	0.0491	0.1818	0.1818	0.1712	0.8169	0.7321	0.6473	0.4869	0.5875	17.1296	-2.5446	0	8155
"34"	0.0493	0.1507	0.4517	0.3028	0.5875	0.2681	0.5465	0.6063	1	20.6985	-10.8282	0	5946
"35"	0.01	0.4467	0.4815	0.4622	0.4893	0.43	0.4831	0.0305	1	15.2776	-Inf	0	72487
"36"	0.0199	0.2235	0.3913	0.3974	0.3679	0.3729	0.2282	0.581	0	22.7272	-8.9633	0	20167
"37"	0.0212	0	0.7513	0.0416	0.9584	0.2283	0.8613	0.7811	0.6911	15.1077	-2.0413	0	60374
"38"	0.066	0.0722	0.0722	0.8673	0.8877	0.7536	0.1184	0.7138	0.3171	20.8131	-5.6595	0	6024
"39"	0.01	0.5067	0.5192	0.4945	0.4773	0.4472	0.4979	0.1985	0.4048	14.0161	-15.3403	0	15512
"40"	0.01	0.2238	0.5026	0.2738	0.5432	0.233	0.5119	0.8333	0.9987	12.9893	-0.4025	0	22636
"41"	0.01	0.2497	0.4976	0.0506	0.7302	0.1044	0.7415	0.2513	0.5309	4.0163	-1.1091	0	15446
"42"	0.0251	0.2238	0.2238	0.6358	0.7762	0.6176	0.3632	0.8863	0.1548	13.5651	-1.2952	0	25613
"43"	0.01	0.4249	0.4963	0.526	0.5451	0.4867	0.4309	0.2765	0.6411	10.7883	-2.3981	0	51127
"44"	0.0602	0.1508	0.2526	0.1514	0.7816	0.596	0.6978	0.1469	0.526	19.3736	-5.4528	0	3606
"45"	0.01	0.1006	0.2611	0.1484	0.7827	0.1132	0.7084	0.9105	0.382	3.8673	-0.0048	0	16456
"46"	0.0996	0.263	0.263	0.6082	0.5926	0.4908	0.3918	0.3865	0.2254	31.2858	-2.8325	0	8073
"47"	0.0308	0.3484	0.3484	0.4663	0.5309	0.4336	0.4564	0.6318	0.345	15.4523	-5.462	0	10859
"48"	0.0426	0.0887	0.1268	0.3094	0.9113	0.7258	0.6783	0.2223	0.7944	15.5322	-3.5672	0	18782
