"sig"	"b1"	"B1"	"b2"	"B2"	"b3"	"B3"	"u"	"lfit"	"lpred"	"conver"	"iter"
"1"	0.0265	0.1729	0.4491	0.3376	0.5885	0.2134	0.4895	0.7902	13.4154	-0.3711	0	8570
"2"	0.0661	0.2555	0.3965	0.447	0.6179	0.2975	0.5454	0.5259	25.131	-2.4863	0	4612
"3"	0.0287	0.3303	0.0601	0.5158	0.6235	0.1539	0.4242	0.72	13.7532	-4.7247	0	7796
"4"	0.01	0.093	0.7375	0.1138	0.8795	0.1066	0.8308	0.7262	9.1751	-15.8867	0	7835
"5"	0.01	0.2363	0.1889	0.453	0.6608	0.2737	0.4726	0.9505	4.9442	-0.2254	0	22124
"6"	0.0207	0.1994	0.5245	0.251	0.5576	0.2245	0.5485	0.7395	13.9551	-3.0524	0	5061
"7"	0.0191	0.343	0.4134	0.35	0.4076	0.3032	0.4061	0.5151	21.5001	-8.1864	0	10018
"8"	0.0153	0.1384	0.654	0.2346	0.8331	0.1466	0.7014	0.8477	17.4044	-2.3573	0	14845
"9"	0.01	0.1163	0.3441	0.4712	0.4848	0.0405	0.516	0.9433	11.9436	-3.2985	0	5968
"10"	0.0725	0.2515	0.1364	0.3299	0.4808	0.4186	0.434	0.6842	26.3744	-6.0997	0	7132
"11"	0.0506	0.2942	0.2929	0.471	0.5601	0.2328	0.44	0.7107	23.0594	-1.1005	0	3836
"12"	0.0851	0.2781	0.1143	0.3567	0.589	0.3313	0.4472	0.8374	32.1604	-3.7256	0	2745
"13"	0.0321	0.2414	0.2413	0.4199	0.5692	0.2821	0.4379	0.955	10.1516	-0.618	0	6556
"14"	0.0672	0.2356	0.2191	0.5469	0.5176	0.2175	0.4332	0.4208	22.2533	-4.5742	0	12470
"15"	0.0341	0.1567	0.5459	0.2861	0.5871	0.2081	0.5974	0.8622	18.6285	-6.3085	0	8042
"16"	0.3282	0.466	0.7299	0.351	0.7157	0	0.1934	0.4834	59.0588	-9.4474	0	10163
"17"	0.0264	0.2692	0.224	0.3567	0.4843	0.3741	0.3741	0.6939	9.5651	-3.6877	0	9547
"18"	0.0316	0.2805	0.2995	0.5379	0.5813	0.1779	0.3933	0.5914	13.4578	-5.8775	0	6179
"19"	0.0399	0.1961	0.2484	0.3918	0.5154	0.3221	0.3598	0.6857	15.5216	-3.3245	0	7431
"20"	0.0542	0.2422	0.2417	0.3731	0.5039	0.3377	0.4347	0.7162	20.3035	-3.6586	0	6940
"21"	0.0923	0.2981	0.2606	0.4949	0.5313	0.1706	0.4469	0.7395	36.1684	-5.1146	0	6255
"22"	0.1175	0.2745	0.3973	0.342	0.6154	0.3196	0.4768	0.6607	44.8761	-6.096	0	2194
"23"	0.0519	0.3307	0.3141	0.4119	0.4119	0.2573	0.4137	0.672	20.8909	-5.2508	0	5570
"24"	0.0879	0.2461	0.3017	0.2552	0.6875	0.3215	0.6351	0.6983	36.2671	-9.9852	0	6734
"25"	0.01	0.3153	0.4165	0.3026	0.7255	0.3821	0.5966	0.2922	0.1332	-1.1766	0	45920
"26"	0.0422	0.214	0.2935	0.4022	0.4598	0.3261	0.4422	0.6536	18.0967	-3.1981	0	9720
"27"	0.0704	0.1497	0.3739	0.4017	0.6036	0.316	0.4174	0.7757	27.5196	-2.6374	0	8450
"28"	0.0584	0.3353	0.2213	0.4829	0.5035	0.1612	0.4451	0.9276	21.0158	-14.427	0	9558
"29"	0.103	0.2103	0.2068	0.3088	0.7336	0.3169	0.5341	0.4975	28.0275	-3.0278	0	6390
"30"	0.1048	0.1263	0.4305	0.1778	0.7067	0.1534	0.632	0.5829	40.3523	-8.1968	0	6362
"31"	0.0581	0.1889	0.2465	0.3364	0.6453	0.3093	0.5514	0.753	24.2866	-1.9745	0	9098
"32"	0.0431	0.3096	0.3206	0.506	0.515	0.1644	0.4491	0.5637	17.3754	-3.6801	0	5697
"33"	0.0407	0.1316	0.3591	0.3738	0.6014	0.3123	0.5203	0.6683	17.1005	-1.9697	0	7431
"34"	0.0713	0.2352	0.2352	0.3945	0.3993	0.3537	0.3703	0.6881	24.8205	-5.1179	0	13029
"35"	0.0311	0.3013	0.332	0.3197	0.4048	0.3255	0.3483	0.4416	19.122	-8.2492	0	8677
"36"	0.01	0.3093	0.5721	0.3194	0.5761	0.3068	0.5746	0.7757	14.9112	-10.4486	0	8356
"37"	0.0509	0.0999	0.5428	0.2504	0.7076	0.2068	0.6497	0.8779	24.1279	-2.936	0	15813
"38"	0.064	0.0957	0.0392	0.4109	0.6559	0.3155	0.5077	0.7199	20.3869	-5.1231	0	10023
"39"	0.01	0.23	0.5072	0.2626	0.5082	0.2562	0.4991	0.0644	14.6767	-7.4792	0	3867
"40"	0.01	0.3858	0.3814	0.4354	0.4486	0.1768	0.4077	0.8771	12.8344	-0.4372	0	3048
"41"	0.01	0.4327	0.4493	0.4708	0.4708	0.0965	0.4673	0.3766	5.2079	-1.9711	0	13980
"42"	0.0196	0.0394	0.3164	0.6178	0.4483	0.3427	0.3552	0.9193	14.7182	-1.8948	0	6900
"43"	0.01	0.4823	0.4889	0.4931	0.4985	0.0246	0.4815	0.7826	12.3548	-1.751	0	23662
"44"	0.0673	0.1668	0.2087	0.4469	0.4888	0.3444	0.404	0.1699	20.1256	-5.2798	0	15981
"45"	0.01	0.1266	0.1308	0.3732	0.4218	0.3157	0.4527	0.9019	4.3543	-0.0024	0	14509
"46"	0.1008	0.2431	0.2404	0.369	0.5842	0.3878	0.4801	0.4427	31.5461	-3.0134	0	8909
"47"	0.01	0.0595	0.4456	0.4917	0.4292	0.4488	0.4558	0.8803	16.2923	-22.1282	0	6821
"48"	0.066	0.0988	0.1427	0.5802	0.4831	0.3209	0.3907	0.5032	18.6565	-3.3219	0	11076
