"sig"	"w1"	"w2"	"w3"	"w12"	"w13"	"w23"	"l"	"lfit"	"lpred"	"conver"	"iter"
"1"	0.01	0.2142	0.3003	0.2252	0.4429	0.3387	0.5016	1.8542	4.1172	0	0	8996
"2"	0.0864	0.1968	0.3801	0.3304	0.772	0.611	0.9437	0.4325	22.5851	-3.2564	0	3012
"3"	0.0896	0.288	0.7814	0.3622	0.945	0.7615	0.9455	2.6535	13.9442	-3.0768	0	5035
"4"	0.0502	0.5124	0.7254	0.6258	0.8786	0.7988	0.9197	1.0344	12.6593	-2.4021	0	18139
"5"	0.0646	0	0.1566	0.0818	0.2778	0.2066	0.3284	4	6.3314	-0.3945	0	7517
"6"	0.01	0.3661	0.3722	0.3696	0.6186	0.5883	0.683	1.4344	6.7331	-12.9088	0	3320
"7"	0.0164	0.1582	0.1502	0.1564	0.6289	0.6147	0.6239	0.2255	23.4756	-7.2309	0	4435
"8"	0.1356	0.2222	0.5959	0.3022	0.8619	0.6359	0.8992	2.0634	19.1331	-2.4317	0	2890
"9"	0.1326	0.3839	0.6221	0.4923	0.855	0.6628	0.9441	4	12.7424	-1.5063	0	7523
"10"	0.1698	0.1716	0.3613	0.409	0.6376	0.5719	0.8354	1.4024	26.4153	-5.2299	0	1994
"11"	0.1432	0.1847	0.4544	0.3185	0.7992	0.6668	0.8709	1.7237	22.3869	-1.412	0	3011
"12"	0.3457	0	0.3059	0.1868	0.7496	0.5368	0.844	2.2817	30.4401	-2.4493	0	5012
"13"	0.281	0	0.1825	0.1003	0.571	0.3552	0.6839	4	10.2939	-1.1497	0	7384
"14"	0.0529	0.0985	0.3513	0.2115	0.5793	0.5171	0.9424	0.2688	15.5031	-7.0981	0	4577
"15"	0.2292	0.4069	0.4388	0.4766	0.7555	0.662	0.826	4	20.7605	-5.7913	0	6187
"16"	0.4679	0.5935	0.5845	0.0585	0.9999	0.5935	0.5845	0.6266	59.713	-9.5078	0	6263
"17"	0.0579	0.1813	0.372	0.3067	0.6809	0.5467	0.8099	1.5396	8.1033	-4.9494	0	5880
"18"	0.066	0.2986	0.591	0.4195	0.8726	0.6784	0.9257	1.5022	12.7522	-6.6019	0	7053
"19"	0.0379	0.068	0.3293	0.1288	0.5723	0.4813	0.7589	1.1356	8.4975	-30.9955	0	9269
"20"	0.1143	0.0933	0.314	0.2291	0.6101	0.5185	0.7433	1.2649	18.7229	-6.9987	0	2834
"21"	0.2464	0.0265	0.4121	0.2005	0.742	0.6493	0.8836	1.6788	32.0809	-3.7986	0	2088
"22"	0.2549	0.2137	0.4337	0.3235	0.8191	0.6014	0.8687	1.0325	44.4086	-6.0281	0	2899
"23"	0.1091	0.2192	0.3205	0.2787	0.6414	0.649	0.7604	1.2561	19.6495	-7.7261	0	3591
"24"	0.2059	0.0612	0.4613	0.3025	0.8223	0.7602	0.9491	0.896	34.2454	-12.9677	0	4317
"25"	0.01	0.4306	0.7757	0.6393	0.8915	0.8615	0.9487	0.5197	0.1878	-12.1073	0	6211
"26"	0.0702	0.1273	0.278	0.2685	0.5456	0.4996	0.744	0.9462	16.7436	-7.3519	0	7683
"27"	0.2336	0.1698	0.4327	0.1986	0.6598	0.5532	0.8621	1.9558	27.044	-2.4253	0	8173
"28"	0.4525	0	0.3099	0.1192	0.6551	0.544	0.834	4	20.6826	-11.726	0	4965
"29"	0.1409	0.1342	0.7741	0.4449	0.8747	0.7947	1	0.8782	23.7659	-3.4637	0	5154
"30"	0.226	0.4305	0.7067	0.632	0.8466	0.8222	0.8737	1.3738	40.3523	-8.1972	0	2864
"31"	0.1927	0.1274	0.5107	0.4049	0.757	0.6369	0.9028	1.8819	24.7597	-2.2048	0	4433
"32"	0.0855	0.3462	0.5579	0.5078	0.8648	0.7923	0.9544	1.5125	16.4992	-3.8448	0	8004
"33"	0.0923	0.3882	0.6072	0.4949	0.7125	0.6671	0.9188	1.9441	15.4216	-1.961	0	7965
"34"	0.0302	0.0296	0.0693	0.0608	0.1499	0.1247	0.2036	0.799	19.175	-177.8469	0	3003
"35"	0.01	0.1476	0.23	0.1558	0.5633	0.5608	0.5691	0.2308	14.409	-268.896	0	5402
"36"	0.01	0.3827	0.3814	0.3865	0.7173	0.7095	0.7169	1.0351	14.6533	-11.6659	0	10286
"37"	0.0881	0.124	0.2265	0.2098	0.3447	0.2594	0.5055	1.6021	16.2161	-2.7908	0	7790
"38"	0.198	0.0353	0.5833	0.4769	0.6966	0.5159	0.9397	1.9738	20.3801	-4.8617	0	5895
"39"	0.01	0.7187	0.717	0.7093	0.8893	0.8848	0.8917	0.2301	14.9767	-6.7209	0	4033
"40"	0.01	0.0393	0.05	0.0436	0.1018	0.0936	0.1036	3.9957	12.424	-0.3929	0	4316
"41"	0.01	0.4481	0.4648	0.4617	0.7996	0.7638	0.8413	0.4768	3.5606	-2.6484	0	2878
"42"	0.1947	0.1944	0.5291	0.3464	0.8321	0.6219	0.9236	4	14.9636	-1.4964	0	6719
"43"	0.01	0.3212	0.3213	0.3121	0.7782	0.7592	0.7747	0.6309	10.7451	-1.7697	0	2068
"44"	0.0564	0.1597	0.3989	0.3136	0.5152	0.4673	0.7409	0.1168	19.3693	-6.4406	0	7546
"45"	0.0641	0.0899	0.2402	0.1825	0.369	0.3099	0.7027	4	5.1387	-0.0242	0	3787
"46"	0.1398	0.1686	0.4675	0.3679	0.7745	0.6174	0.9335	0.4831	31.4456	-3.1758	0	3673
"47"	0.01	0.2517	0.3898	0.3873	0.7792	0.6418	0.7851	1.5213	12.0927	-256.2395	0	5206
"48"	0.0106	0.0074	0.1414	0.0322	0.2007	0.1291	0.9375	0.0459	14.7958	-2.6212	0	12410
